%YAML:1.0
---
image_width: 640
image_height: 480
camera_matrix: !!opencv-matrix
   rows: 3
   cols: 3
   dt: d
   data: [ 0.667363842720742, 0., 0.531709657818522, 0.,
       1.181958855070853, 0.527497411818108, 0., 0., 1. ]
distortion_coefficients: !!opencv-matrix
   rows: 1
   cols: 5
   dt: d
   data: [ -0.4012898929082725, 0.2119039649987176,
       -0.07115199650013011, -0.0017767161262766081,
       -0.0033067056085569397 ]
