%YAML:1.0
---
image_width: 1499
image_height: 1499
camera_matrix: !!opencv-matrix
   rows: 3
   cols: 3
   dt: d
   data: [ 1.7061313951392971e+04, 0., 7.5153172801122992e+02, 0.,
       1.7061171263404452e+04, 9.0689891599639645e+02, 0., 0., 1. ]
distortion_coefficients: !!opencv-matrix
   rows: 1
   cols: 5
   dt: d
   data: [ -2.4954717067857328e+00, 1.1133056393302268e+03,
       2.3950138849471669e-03, -7.7752314977721582e-04,
       2.3232836362321003e+00 ]
