%YAML:1.0
---
image_width: 640
image_height: 480
camera_matrix: !!opencv-matrix
   rows: 3
   cols: 3
   dt: d
   data: [ 4.3617250668317899e+02, 0., 3.1834904391188843e+02, 0.,
       5.8176359469546924e+02, 2.5798247950966055e+02, 0., 0., 1. ]
distortion_coefficients: !!opencv-matrix
   rows: 1
   cols: 5
   dt: d
   data: [ 2.1918669505646571e-02, -6.6970963433184971e-01,
       -9.5682375327893075e-04, -2.1170373399326283e-02,
       1.8345709710519944e+00 ]
