%YAML:1.0
---
image_width: 1280
image_height: 720
camera_matrix: !!opencv-matrix
   rows: 3
   cols: 3
   dt: d
   data: [ 8.7744289698736577e+02, 0., 6.3745148125019182e+02, 0.,
       8.7666465139596107e+02, 3.6802907731718176e+02, 0., 0., 1. ]
distortion_coefficients: !!opencv-matrix
   rows: 1
   cols: 5
   dt: d
   data: [ -9.1606622110679548e-02, 8.8697307066021214e-01,
       -9.3680993299164288e-03, -1.9210448543725927e-02,
       -3.3517554468041704e+00 ]
