%YAML:1.0
---
image_width: 1280
image_height: 720
camera_matrix: !!opencv-matrix
   rows: 3
   cols: 3
   dt: d
   data: [ 8.6258816698613248e+02, 0., 6.4490672863766872e+02, 0.,
       8.6289697530343290e+02, 3.6725795280255159e+02, 0., 0., 1. ]
distortion_coefficients: !!opencv-matrix
   rows: 1
   cols: 5
   dt: d
   data: [ 1.2310353401892685e-02, -4.0836816825660849e+00,
       -6.1133308298478234e-03, -9.3987802026397217e-03,
       5.1708037965677924e+01 ]
