%YAML:1.0
---
image_width: 640
image_height: 480
camera_matrix: !!opencv-matrix
   rows: 3
   cols: 3
   dt: d
   data: [ 4.3519302959719857e+02, 0., 2.9357759053870029e+02, 0.,
       5.7797598014751873e+02, 3.0003235542712122e+02, 0., 0., 1. ]
distortion_coefficients: !!opencv-matrix
   rows: 1
   cols: 5
   dt: d
   data: [ 1.9091190301696420e-01, -5.5013649911551941e+00,
       -2.5532079207555975e-02, -3.1030107212860793e-03,
       1.5794323470268903e+01 ]
