%YAML:1.0
---
image_width: 640
image_height: 480
camera_matrix: !!opencv-matrix
   rows: 3
   cols: 3
   dt: d
   data: [ 3.2976686798947702e+02, 0., 3.2962481255948472e+02, 0.,
       4.4561475372244871e+02, 2.2912385838499861e+02, 0., 0., 1. ]
distortion_coefficients: !!opencv-matrix
   rows: 1
   cols: 5
   dt: d
   data: [ -4.8519473233399529e-01, 2.9396034985760440e+00,
       -1.1828040777432634e-02, -3.2979705192633163e-03,
       -7.0800104151286618e+00 ]
