%YAML:1.0
---
image_width: 1280
image_height: 720
camera_matrix: !!opencv-matrix
   rows: 3
   cols: 3
   dt: d
   data: [ 8.9363248096175062e+02, 0., 6.3810531932093784e+02, 0.,
       8.9253397678872511e+02, 3.7069007935992244e+02, 0., 0., 1. ]
distortion_coefficients: !!opencv-matrix
   rows: 1
   cols: 5
   dt: d
   data: [ 1.1723291415189699e-02, -1.9791643781671305e-02,
       -4.8199977817762430e-03, -1.7399302241751239e-02,
       1.8484149567376731e-01 ]
