%YAML:1.0
---
aruco_bc_dict: ARUCO_MIP_36h12
aruco_bc_nmarkers: 9
aruco_bc_mInfoType: 1
aruco_bc_markers:
   - { id:1, corners:[ [ -5.2500002086162567e-02,
       -1.7500000074505806e-02, 0. ], [ -1.7500000074505806e-02,
       -1.7500000074505806e-02, 0. ], [ -1.7500000074505806e-02,
       -5.2500002086162567e-02, 0. ], [ -5.2500002086162567e-02,
       -5.2500002086162567e-02, 0. ] ] }
   - { id:2, corners:[ [ -1.0606060735881329e-02,
       -1.7500000074505806e-02, 0. ], [ 2.4393940344452858e-02,
       -1.7500000074505806e-02, 0. ], [ 2.4393940344452858e-02,
       -5.2500002086162567e-02, 0. ], [ -1.0606060735881329e-02,
       -5.2500002086162567e-02, 0. ] ] }
   - { id:3, corners:[ [ 3.1287878751754761e-02, -1.7500000074505806e-02,
       0. ], [ 6.6287882626056671e-02, -1.7500000074505806e-02, 0. ], [
       6.6287882626056671e-02, -5.2500002086162567e-02, 0. ], [
       3.1287878751754761e-02, -5.2500002086162567e-02, 0. ] ] }
   - { id:4, corners:[ [ -5.2500002086162567e-02, 2.4393940344452858e-02,
       0. ], [ -1.7500000074505806e-02, 2.4393940344452858e-02, 0. ], [
       -1.7500000074505806e-02, -1.0606060735881329e-02, 0. ], [
       -5.2500002086162567e-02, -1.0606060735881329e-02, 0. ] ] }
   - { id:5, corners:[ [ -1.0606060735881329e-02, 2.4393940344452858e-02,
       0. ], [ 2.4393940344452858e-02, 2.4393940344452858e-02, 0. ], [
       2.4393940344452858e-02, -1.0606060735881329e-02, 0. ], [
       -1.0606060735881329e-02, -1.0606060735881329e-02, 0. ] ] }
   - { id:6, corners:[ [ 3.1287878751754761e-02, 2.4393940344452858e-02,
       0. ], [ 6.6287882626056671e-02, 2.4393940344452858e-02, 0. ], [
       6.6287882626056671e-02, -1.0606060735881329e-02, 0. ], [
       3.1287878751754761e-02, -1.0606060735881329e-02, 0. ] ] }
   - { id:7, corners:[ [ -5.2500002086162567e-02, 6.6287882626056671e-02,
       0. ], [ -1.7500000074505806e-02, 6.6287882626056671e-02, 0. ], [
       -1.7500000074505806e-02, 3.1287878751754761e-02, 0. ], [
       -5.2500002086162567e-02, 3.1287878751754761e-02, 0. ] ] }
   - { id:8, corners:[ [ -1.0606060735881329e-02, 6.6287882626056671e-02,
       0. ], [ 2.4393940344452858e-02, 6.6287882626056671e-02, 0. ], [
       2.4393940344452858e-02, 3.1287878751754761e-02, 0. ], [
       -1.0606060735881329e-02, 3.1287878751754761e-02, 0. ] ] }
   - { id:9, corners:[ [ 3.1287878751754761e-02, 6.6287882626056671e-02,
       0. ], [ 6.6287882626056671e-02, 6.6287882626056671e-02, 0. ], [
       6.6287882626056671e-02, 3.1287878751754761e-02, 0. ], [
       3.1287878751754761e-02, 3.1287878751754761e-02, 0. ] ] }
