%YAML:1.0
---
aruco_bc_dict: ARUCO_MIP_36h12
aruco_bc_nmarkers: 9
aruco_bc_mInfoType: 0
aruco_bc_markers:
   - { id:1, corners:[ [ -282., -94., 0. ], [ -94., -94., 0. ], [ -94.,
       -282., 0. ], [ -282., -282., 0. ] ] }
   - { id:2, corners:[ [ -57., -94., 0. ], [ 131., -94., 0. ], [ 131.,
       -282., 0. ], [ -57., -282., 0. ] ] }
   - { id:3, corners:[ [ 168., -94., 0. ], [ 356., -94., 0. ], [ 356.,
       -282., 0. ], [ 168., -282., 0. ] ] }
   - { id:4, corners:[ [ -282., 131., 0. ], [ -94., 131., 0. ], [ -94.,
       -57., 0. ], [ -282., -57., 0. ] ] }
   - { id:5, corners:[ [ -57., 131., 0. ], [ 131., 131., 0. ], [ 131.,
       -57., 0. ], [ -57., -57., 0. ] ] }
   - { id:6, corners:[ [ 168., 131., 0. ], [ 356., 131., 0. ], [ 356.,
       -57., 0. ], [ 168., -57., 0. ] ] }
   - { id:7, corners:[ [ -282., 356., 0. ], [ -94., 356., 0. ], [ -94.,
       168., 0. ], [ -282., 168., 0. ] ] }
   - { id:8, corners:[ [ -57., 356., 0. ], [ 131., 356., 0. ], [ 131.,
       168., 0. ], [ -57., 168., 0. ] ] }
   - { id:9, corners:[ [ 168., 356., 0. ], [ 356., 356., 0. ], [ 356.,
       168., 0. ], [ 168., 168., 0. ] ] }
