%YAML:1.0
---
aruco_bc_dict: ARUCO_MIP_36h12
aruco_bc_nmarkers: 9
aruco_bc_mInfoType: 0
aruco_bc_markers:
   - { id:1, corners:[ [ -198., -66., 0. ], [ -66., -66., 0. ], [ -66.,
       -198., 0. ], [ -198., -198., 0. ] ] }
   - { id:2, corners:[ [ -40., -66., 0. ], [ 92., -66., 0. ], [ 92.,
       -198., 0. ], [ -40., -198., 0. ] ] }
   - { id:3, corners:[ [ 118., -66., 0. ], [ 250., -66., 0. ], [ 250.,
       -198., 0. ], [ 118., -198., 0. ] ] }
   - { id:4, corners:[ [ -198., 92., 0. ], [ -66., 92., 0. ], [ -66.,
       -40., 0. ], [ -198., -40., 0. ] ] }
   - { id:5, corners:[ [ -40., 92., 0. ], [ 92., 92., 0. ], [ 92., -40.,
       0. ], [ -40., -40., 0. ] ] }
   - { id:6, corners:[ [ 118., 92., 0. ], [ 250., 92., 0. ], [ 250.,
       -40., 0. ], [ 118., -40., 0. ] ] }
   - { id:7, corners:[ [ -198., 250., 0. ], [ -66., 250., 0. ], [ -66.,
       118., 0. ], [ -198., 118., 0. ] ] }
   - { id:8, corners:[ [ -40., 250., 0. ], [ 92., 250., 0. ], [ 92.,
       118., 0. ], [ -40., 118., 0. ] ] }
   - { id:9, corners:[ [ 118., 250., 0. ], [ 250., 250., 0. ], [ 250.,
       118., 0. ], [ 118., 118., 0. ] ] }
