%YAML:1.0
---
nmarkers: 8
markersize: 16
maxCorrectionBits: 1
marker_0: "100000001000010000100001000010000"
marker_1: "100000001000010000100001000010111"
marker_2: "100000001000010000100001000001001"
marker_3: "100000001000010000100001000001110"
marker_4: "100000001000010000100001011110000"
marker_5: "100000001000010000100001011110111"
marker_6: "100000001000010000100001011101001"
marker_7: "100000001000010000100001011101110"